{
 "cells": [
  {
   "cell_type": "markdown",
   "id": "b83d8e29",
   "metadata": {},
   "source": [
    "## Trying to do fragpipe analyst R in python \n",
    "due to intensive package downlaoding: it takes too long even on HPC"
   ]
  },
  {
   "cell_type": "markdown",
   "id": "94d52a06",
   "metadata": {},
   "source": [
    "FragPipe-Analyst and FragPipeAnalystR share the same common modular design with the following modules: \\\n",
    "(1) I/O module that handles the input and output files. \\\n",
    "(2) Data manipulation module, which has functions for operating the fundamental data structure, including removing/merging samples and feature selections. \\\n",
    "(3) Data filtering module, which provides methods for filtering data based on missing values. \\\n",
    "(4) Normalization module that provides several normalization methods. \\\n",
    "(5) Imputation module that provides several imputation methods. \\\n",
    "(6) Quality control (QC) module, which provides functions to generate various visualizations, including principal component analysis (PCA) plots and heatmaps. \\\n",
    "(7) Differential expression (DE) analysis module, which provides functions for performing statistical procedures and result visualization, such as a volcano plot. \\\n",
    "(8) Enrichment analysis module, which provides statistical procedures specifically for inferring biological insights, such as overrepresentation tests.\\\n"
   ]
  },
  {
   "cell_type": "markdown",
   "id": "f3840357",
   "metadata": {},
   "source": [
    "1. Import tsv from FP output"
   ]
  },
  {
   "cell_type": "code",
   "execution_count": 18,
   "id": "a8249783",
   "metadata": {},
   "outputs": [],
   "source": [
    "import pandas as pd\n",
    "import numpy as np"
   ]
  },
  {
   "cell_type": "code",
   "execution_count": 19,
   "id": "6d3176a6",
   "metadata": {},
   "outputs": [],
   "source": [
    "combined_protein = pd.read_csv(r\"data_WTvs3PA/combined_protein.tsv\", header=0, sep=\"\\t\")\n",
    "annotation = pd.read_csv(r\"data_WTvs3PA/experiment_annotation.tsv\", header=0, sep=\"\\t\")\n"
   ]
  },
  {
   "cell_type": "markdown",
   "id": "b19562fa",
   "metadata": {},
   "source": [
    "### Obtain only the required columns:\n",
    "protein information and hits\n",
    "Protein intensity in each sample in MaxLFQ (we decided to use MaxLFQ)"
   ]
  },
  {
   "cell_type": "code",
   "execution_count": 20,
   "id": "e76b485e",
   "metadata": {},
   "outputs": [],
   "source": [
    "# filter(regex=...) searches column names\n",
    "# (?i) makes it case-insensitive\n",
    "# Returns only the matching columns\n",
    "maxlfq_cols = combined_protein.filter(regex='(?i)MaxLFQ').columns\n",
    "#the below is a little chaining that gets only Entry Name and turn that into a dataframe so i could ge the req columns\n",
    "protein_name = combined_protein.iloc[:,2].to_frame() #this is the column of entry name\n",
    "protein_info = combined_protein.iloc[:, :5]\n",
    "req_cols =  list(protein_name.columns)+list(maxlfq_cols)\n",
    "protein_maxquant = combined_protein.loc[:, req_cols]\n",
    "### ALWAYS set index (rownames) before transposing -> so the rownames will be preserved as column names\n",
    "protein_maxquant=protein_maxquant.set_index('Entry Name')"
   ]
  },
  {
   "cell_type": "markdown",
   "id": "d8b42762",
   "metadata": {},
   "source": [
    "#### Transform the dataset? add columns from experimental annotation to specify experimental groups for easier comparison and grouping?"
   ]
  },
  {
   "cell_type": "code",
   "execution_count": 21,
   "id": "62090f9b",
   "metadata": {},
   "outputs": [],
   "source": [
    "protein_maxquant_T=protein_maxquant.transpose()\n",
    "#rownames and colnames are set after transpose\n"
   ]
  },
  {
   "cell_type": "markdown",
   "id": "261a32f7",
   "metadata": {},
   "source": [
    "### Generate log2 of maxlfq intensity"
   ]
  },
  {
   "cell_type": "code",
   "execution_count": 22,
   "id": "ce0d47ea",
   "metadata": {},
   "outputs": [],
   "source": [
    "conditions_arr = ['GLP1R_3PA_GLP1'] * 4 +['GLP1R_3PA_VEH'] * 4 + ['GLP1R_WT_GLP1'] * 4 + ['GLP1R_3PA_GLP1'] * 4+ ['NEG']\n",
    "#protein_maxquant_T.insert(0,\"Conditions\",conditions_arr)\n",
    "protein_maxquant_T.insert(0, \"Conditions\", conditions_arr)\n",
    "\n"
   ]
  },
  {
   "cell_type": "code",
   "execution_count": 23,
   "id": "232e409b",
   "metadata": {},
   "outputs": [],
   "source": [
    "#save protein quant and prot quant transposed\n",
    "protein_maxquant.to_csv(r\"data_WTvs3PA/protein_maxquant.csv\")\n",
    "protein_maxquant_T.to_csv(r\"data_WTvs3PA/protein_maxquant_T.csv\")"
   ]
  },
  {
   "cell_type": "markdown",
   "id": "2cc451df",
   "metadata": {},
   "source": [
    "### Try plotting PCA and heat map "
   ]
  },
  {
   "cell_type": "markdown",
   "id": "5cde667b",
   "metadata": {},
   "source": [
    "#### PCA step1:distributing the dataset into two components x and Y\n"
   ]
  },
  {
   "cell_type": "code",
   "execution_count": 30,
   "id": "21f593b8",
   "metadata": {},
   "outputs": [],
   "source": [
    "import numpy as np \n",
    "import pandas as pd \n",
    "import matplotlib as mpl\n",
    "import matplotlib.pyplot as plt\n",
    "import seaborn as sns\n",
    "%matplotlib inline\n",
    "\n",
    "df=pd.read_csv(r\"data_WTvs3PA/protein_maxquant_T.csv\", header=0, sep=\",\")\n",
    "df.set_index(['Conditions'], inplace=True)\n",
    "df= df.transpose()\n",
    "df.shape #this method require flat shapedata\n",
    "df.drop('Unnamed: 0', axis=0, inplace=True) #drop the unwanted row\n"
   ]
  },
  {
   "cell_type": "code",
   "execution_count": null,
   "id": "bb1a1696",
   "metadata": {},
   "outputs": [],
   "source": [
    "#df.reset_index(inplace=True)"
   ]
  },
  {
   "cell_type": "code",
   "execution_count": 55,
   "id": "e61910f3",
   "metadata": {},
   "outputs": [
    {
     "data": {
      "text/plain": [
       "array([[ 0.12541803,  0.15989102,  0.15726783, ...,  0.11068162,\n",
       "         0.10609429,  0.14819676],\n",
       "       [-0.17664646, -0.16943403, -0.16836794, ..., -0.18053587,\n",
       "        -0.17429433, -0.18849836],\n",
       "       [-0.15817491, -0.15494996, -0.15284529, ..., -0.15636731,\n",
       "        -0.1595809 , -0.16239626],\n",
       "       ...,\n",
       "       [-0.19172349, -0.15296487, -0.14842097, ..., -0.16762058,\n",
       "        -0.16379686, -0.17662418],\n",
       "       [-0.17223597, -0.16327986, -0.16589356, ..., -0.17784616,\n",
       "        -0.16869913, -0.18145311],\n",
       "       [-0.14131627, -0.13613398, -0.1318695 , ..., -0.15148375,\n",
       "        -0.15046515, -0.16116339]])"
      ]
     },
     "execution_count": 55,
     "metadata": {},
     "output_type": "execute_result"
    }
   ],
   "source": [
    "#df.drop('level_0', axis=1, inplace=True) #drop unwanted column if exists\n",
    "df['indexkeep']= df.loc[:,'index']\n",
    "df.index= df['indexkeep']\n",
    "X=df.iloc[:,1:17]\n",
    "Y=df.iloc[:, 0]\n",
    "from sklearn.preprocessing import StandardScaler\n",
    "scaler=StandardScaler()\n",
    "X=scaler.fit_transform(X)\n",
    "X"
   ]
  },
  {
   "cell_type": "code",
   "execution_count": 56,
   "id": "8b3fd6c2",
   "metadata": {},
   "outputs": [
    {
     "data": {
      "text/plain": [
       "array([[1.00035881, 0.99491531, 0.97838022, 0.97881933, 0.9912392 ,\n",
       "        0.97865417, 0.98671331, 0.99121175, 0.99603791, 0.98737824,\n",
       "        0.97482428, 0.96958323, 0.98308627, 0.97833228, 0.98458034,\n",
       "        0.9835183 ],\n",
       "       [0.99491531, 1.00035881, 0.98236046, 0.98237529, 0.99457755,\n",
       "        0.98477567, 0.99040935, 0.99331359, 0.98999398, 0.99350439,\n",
       "        0.97935099, 0.97489842, 0.99076534, 0.98469726, 0.98841911,\n",
       "        0.98799575],\n",
       "       [0.97838022, 0.98236046, 1.00035881, 0.99800925, 0.97749122,\n",
       "        0.9645932 , 0.97130404, 0.97557739, 0.97444238, 0.98180387,\n",
       "        0.9903138 , 0.99309979, 0.97114815, 0.98855126, 0.99134623,\n",
       "        0.96854397],\n",
       "       [0.97881933, 0.98237529, 0.99800925, 1.00035881, 0.97916217,\n",
       "        0.96849996, 0.97484751, 0.97790518, 0.97426971, 0.98085135,\n",
       "        0.99005853, 0.99187658, 0.97490175, 0.99154499, 0.99302511,\n",
       "        0.97139731],\n",
       "       [0.9912392 , 0.99457755, 0.97749122, 0.97916217, 1.00035881,\n",
       "        0.99145098, 0.99193673, 0.9925991 , 0.98781503, 0.99071016,\n",
       "        0.97755753, 0.9748671 , 0.98894492, 0.98438361, 0.98721232,\n",
       "        0.99290126],\n",
       "       [0.97865417, 0.98477567, 0.9645932 , 0.96849996, 0.99145098,\n",
       "        1.00035881, 0.98931431, 0.98712022, 0.97043686, 0.98733136,\n",
       "        0.96708347, 0.97120327, 0.98607838, 0.97930611, 0.97613553,\n",
       "        0.98277183],\n",
       "       [0.98671331, 0.99040935, 0.97130404, 0.97484751, 0.99193673,\n",
       "        0.98931431, 1.00035881, 0.9957306 , 0.98026641, 0.9864435 ,\n",
       "        0.98001632, 0.97194529, 0.9842596 , 0.98516378, 0.98755864,\n",
       "        0.9846639 ],\n",
       "       [0.99121175, 0.99331359, 0.97557739, 0.97790518, 0.9925991 ,\n",
       "        0.98712022, 0.9957306 , 1.00035881, 0.98449817, 0.98746068,\n",
       "        0.97763107, 0.9700224 , 0.99039718, 0.98430867, 0.98746581,\n",
       "        0.98686385],\n",
       "       [0.99603791, 0.98999398, 0.97444238, 0.97426971, 0.98781503,\n",
       "        0.97043686, 0.98026641, 0.98449817, 1.00035881, 0.98459822,\n",
       "        0.97532094, 0.96656432, 0.97841624, 0.97457093, 0.9815063 ,\n",
       "        0.98302781],\n",
       "       [0.98737824, 0.99350439, 0.98180387, 0.98085135, 0.99071016,\n",
       "        0.98733136, 0.9864435 , 0.98746068, 0.98459822, 1.00035881,\n",
       "        0.98382821, 0.98434195, 0.99064419, 0.98987481, 0.98696462,\n",
       "        0.98600097],\n",
       "       [0.97482428, 0.97935099, 0.9903138 , 0.99005853, 0.97755753,\n",
       "        0.96708347, 0.98001632, 0.97763107, 0.97532094, 0.98382821,\n",
       "        1.00035881, 0.98987746, 0.97033534, 0.99175765, 0.99218597,\n",
       "        0.97194919],\n",
       "       [0.96958323, 0.97489842, 0.99309979, 0.99187658, 0.9748671 ,\n",
       "        0.97120327, 0.97194529, 0.9700224 , 0.96656432, 0.98434195,\n",
       "        0.98987746, 1.00035881, 0.96785565, 0.99001141, 0.98725338,\n",
       "        0.96643424],\n",
       "       [0.98308627, 0.99076534, 0.97114815, 0.97490175, 0.98894492,\n",
       "        0.98607838, 0.9842596 , 0.99039718, 0.97841624, 0.99064419,\n",
       "        0.97033534, 0.96785565, 1.00035881, 0.9865814 , 0.98300429,\n",
       "        0.99131354],\n",
       "       [0.97833228, 0.98469726, 0.98855126, 0.99154499, 0.98438361,\n",
       "        0.97930611, 0.98516378, 0.98430867, 0.97457093, 0.98987481,\n",
       "        0.99175765, 0.99001141, 0.9865814 , 1.00035881, 0.99567541,\n",
       "        0.98382224],\n",
       "       [0.98458034, 0.98841911, 0.99134623, 0.99302511, 0.98721232,\n",
       "        0.97613553, 0.98755864, 0.98746581, 0.9815063 , 0.98696462,\n",
       "        0.99218597, 0.98725338, 0.98300429, 0.99567541, 1.00035881,\n",
       "        0.98386281],\n",
       "       [0.9835183 , 0.98799575, 0.96854397, 0.97139731, 0.99290126,\n",
       "        0.98277183, 0.9846639 , 0.98686385, 0.98302781, 0.98600097,\n",
       "        0.97194919, 0.96643424, 0.99131354, 0.98382224, 0.98386281,\n",
       "        1.00035881]])"
      ]
     },
     "execution_count": 56,
     "metadata": {},
     "output_type": "execute_result"
    }
   ],
   "source": [
    "#PCA\n",
    "from sklearn.decomposition import PCA\n",
    "pca=PCA()\n",
    "pca.fit_transform(X)\n",
    "pca.get_covariance()"
   ]
  },
  {
   "cell_type": "code",
   "execution_count": 57,
   "id": "d03fb796",
   "metadata": {},
   "outputs": [],
   "source": [
    "from sklearn.decomposition import PCA\n",
    "pca_wt3pa = PCA(n_components=2)\n",
    "principalComponents = pca_wt3pa.fit_transform(X)\n",
    "principal_Df = pd.DataFrame(data = principalComponents\n",
    "             , columns = ['principal component 1', 'principal component 2'])\n"
   ]
  },
  {
   "cell_type": "code",
   "execution_count": 58,
   "id": "055b8a78",
   "metadata": {},
   "outputs": [
    {
     "data": {
      "application/vnd.microsoft.datawrangler.viewer.v0+json": {
       "columns": [
        {
         "name": "index",
         "rawType": "int64",
         "type": "integer"
        },
        {
         "name": "principal component 1",
         "rawType": "float64",
         "type": "float"
        },
        {
         "name": "principal component 2",
         "rawType": "float64",
         "type": "float"
        }
       ],
       "ref": "64d04530-cc4e-4e19-940c-1e0e7c365d26",
       "rows": [
        [
         "2783",
         "2.3438166602106376",
         "0.008919869024546714"
        ],
        [
         "2784",
         "-0.6964959560629855",
         "0.00858490789528901"
        ],
        [
         "2785",
         "-0.6527107055181367",
         "0.018495949074356602"
        ],
        [
         "2786",
         "-0.6847200565331258",
         "0.003994920147921911"
        ],
        [
         "2787",
         "-0.5790872600960748",
         "0.010116183145286143"
        ]
       ],
       "shape": {
        "columns": 2,
        "rows": 5
       }
      },
      "text/html": [
       "<div>\n",
       "<style scoped>\n",
       "    .dataframe tbody tr th:only-of-type {\n",
       "        vertical-align: middle;\n",
       "    }\n",
       "\n",
       "    .dataframe tbody tr th {\n",
       "        vertical-align: top;\n",
       "    }\n",
       "\n",
       "    .dataframe thead th {\n",
       "        text-align: right;\n",
       "    }\n",
       "</style>\n",
       "<table border=\"1\" class=\"dataframe\">\n",
       "  <thead>\n",
       "    <tr style=\"text-align: right;\">\n",
       "      <th></th>\n",
       "      <th>principal component 1</th>\n",
       "      <th>principal component 2</th>\n",
       "    </tr>\n",
       "  </thead>\n",
       "  <tbody>\n",
       "    <tr>\n",
       "      <th>2783</th>\n",
       "      <td>2.343817</td>\n",
       "      <td>0.008920</td>\n",
       "    </tr>\n",
       "    <tr>\n",
       "      <th>2784</th>\n",
       "      <td>-0.696496</td>\n",
       "      <td>0.008585</td>\n",
       "    </tr>\n",
       "    <tr>\n",
       "      <th>2785</th>\n",
       "      <td>-0.652711</td>\n",
       "      <td>0.018496</td>\n",
       "    </tr>\n",
       "    <tr>\n",
       "      <th>2786</th>\n",
       "      <td>-0.684720</td>\n",
       "      <td>0.003995</td>\n",
       "    </tr>\n",
       "    <tr>\n",
       "      <th>2787</th>\n",
       "      <td>-0.579087</td>\n",
       "      <td>0.010116</td>\n",
       "    </tr>\n",
       "  </tbody>\n",
       "</table>\n",
       "</div>"
      ],
      "text/plain": [
       "      principal component 1  principal component 2\n",
       "2783               2.343817               0.008920\n",
       "2784              -0.696496               0.008585\n",
       "2785              -0.652711               0.018496\n",
       "2786              -0.684720               0.003995\n",
       "2787              -0.579087               0.010116"
      ]
     },
     "execution_count": 58,
     "metadata": {},
     "output_type": "execute_result"
    }
   ],
   "source": [
    "principal_Df.tail()\n"
   ]
  },
  {
   "cell_type": "code",
   "execution_count": 42,
   "id": "5ee4bc33",
   "metadata": {},
   "outputs": [
    {
     "data": {
      "text/plain": [
       "array([9.83964308e-01, 6.77860926e-03, 2.82443082e-03, 1.55248463e-03,\n",
       "       1.41332780e-03, 1.07757355e-03, 8.37825207e-04, 4.11629325e-04,\n",
       "       3.19293643e-04, 2.63296992e-04, 1.64216050e-04, 1.31215622e-04,\n",
       "       1.19837340e-04, 5.48861362e-05, 5.26300693e-05, 3.44352041e-05])"
      ]
     },
     "execution_count": 42,
     "metadata": {},
     "output_type": "execute_result"
    }
   ],
   "source": [
    "explained_variance=pca.explained_variance_ratio_\n",
    "explained_variance"
   ]
  },
  {
   "cell_type": "code",
   "execution_count": 61,
   "id": "dd1ea460",
   "metadata": {},
   "outputs": [
    {
     "ename": "AssertionError",
     "evalue": "",
     "output_type": "error",
     "traceback": [
      "\u001b[1;31m---------------------------------------------------------------------------\u001b[0m",
      "\u001b[1;31mAssertionError\u001b[0m                            Traceback (most recent call last)",
      "Cell \u001b[1;32mIn[61], line 12\u001b[0m\n\u001b[0;32m     10\u001b[0m \u001b[38;5;28;01mfor\u001b[39;00m target, color \u001b[38;5;129;01min\u001b[39;00m \u001b[38;5;28mzip\u001b[39m(targets,colors):\n\u001b[0;32m     11\u001b[0m     indicesToKeep \u001b[38;5;241m=\u001b[39m df[\u001b[38;5;124m'\u001b[39m\u001b[38;5;124mindex\u001b[39m\u001b[38;5;124m'\u001b[39m] \u001b[38;5;241m==\u001b[39m target\n\u001b[1;32m---> 12\u001b[0m     plt\u001b[38;5;241m.\u001b[39mscatter(principal_Df\u001b[38;5;241m.\u001b[39mloc[indicesToKeep, \u001b[38;5;124m'\u001b[39m\u001b[38;5;124mprincipal component 1\u001b[39m\u001b[38;5;124m'\u001b[39m]\n\u001b[0;32m     13\u001b[0m                , principal_Df\u001b[38;5;241m.\u001b[39mloc[indicesToKeep, \u001b[38;5;124m'\u001b[39m\u001b[38;5;124mprincipal component 2\u001b[39m\u001b[38;5;124m'\u001b[39m]\n\u001b[0;32m     14\u001b[0m                , c \u001b[38;5;241m=\u001b[39m color\n\u001b[0;32m     15\u001b[0m                , s \u001b[38;5;241m=\u001b[39m \u001b[38;5;241m50\u001b[39m)\n\u001b[0;32m     16\u001b[0m plt\u001b[38;5;241m.\u001b[39mlegend(targets,prop\u001b[38;5;241m=\u001b[39m{\u001b[38;5;124m'\u001b[39m\u001b[38;5;124msize\u001b[39m\u001b[38;5;124m'\u001b[39m: \u001b[38;5;241m15\u001b[39m})\n\u001b[0;32m     18\u001b[0m plt\u001b[38;5;241m.\u001b[39mshow()\n",
      "File \u001b[1;32mc:\\Users\\natal\\anaconda3\\envs\\irc2025\\Lib\\site-packages\\pandas\\core\\indexing.py:1184\u001b[0m, in \u001b[0;36m_LocationIndexer.__getitem__\u001b[1;34m(self, key)\u001b[0m\n\u001b[0;32m   1182\u001b[0m     \u001b[38;5;28;01mif\u001b[39;00m \u001b[38;5;28mself\u001b[39m\u001b[38;5;241m.\u001b[39m_is_scalar_access(key):\n\u001b[0;32m   1183\u001b[0m         \u001b[38;5;28;01mreturn\u001b[39;00m \u001b[38;5;28mself\u001b[39m\u001b[38;5;241m.\u001b[39mobj\u001b[38;5;241m.\u001b[39m_get_value(\u001b[38;5;241m*\u001b[39mkey, takeable\u001b[38;5;241m=\u001b[39m\u001b[38;5;28mself\u001b[39m\u001b[38;5;241m.\u001b[39m_takeable)\n\u001b[1;32m-> 1184\u001b[0m     \u001b[38;5;28;01mreturn\u001b[39;00m \u001b[38;5;28mself\u001b[39m\u001b[38;5;241m.\u001b[39m_getitem_tuple(key)\n\u001b[0;32m   1185\u001b[0m \u001b[38;5;28;01melse\u001b[39;00m:\n\u001b[0;32m   1186\u001b[0m     \u001b[38;5;66;03m# we by definition only have the 0th axis\u001b[39;00m\n\u001b[0;32m   1187\u001b[0m     axis \u001b[38;5;241m=\u001b[39m \u001b[38;5;28mself\u001b[39m\u001b[38;5;241m.\u001b[39maxis \u001b[38;5;129;01mor\u001b[39;00m \u001b[38;5;241m0\u001b[39m\n",
      "File \u001b[1;32mc:\\Users\\natal\\anaconda3\\envs\\irc2025\\Lib\\site-packages\\pandas\\core\\indexing.py:1377\u001b[0m, in \u001b[0;36m_LocIndexer._getitem_tuple\u001b[1;34m(self, tup)\u001b[0m\n\u001b[0;32m   1374\u001b[0m \u001b[38;5;28;01mif\u001b[39;00m \u001b[38;5;28mself\u001b[39m\u001b[38;5;241m.\u001b[39m_multi_take_opportunity(tup):\n\u001b[0;32m   1375\u001b[0m     \u001b[38;5;28;01mreturn\u001b[39;00m \u001b[38;5;28mself\u001b[39m\u001b[38;5;241m.\u001b[39m_multi_take(tup)\n\u001b[1;32m-> 1377\u001b[0m \u001b[38;5;28;01mreturn\u001b[39;00m \u001b[38;5;28mself\u001b[39m\u001b[38;5;241m.\u001b[39m_getitem_tuple_same_dim(tup)\n",
      "File \u001b[1;32mc:\\Users\\natal\\anaconda3\\envs\\irc2025\\Lib\\site-packages\\pandas\\core\\indexing.py:1023\u001b[0m, in \u001b[0;36m_LocationIndexer._getitem_tuple_same_dim\u001b[1;34m(self, tup)\u001b[0m\n\u001b[0;32m   1020\u001b[0m     retval \u001b[38;5;241m=\u001b[39m \u001b[38;5;28mgetattr\u001b[39m(retval, \u001b[38;5;28mself\u001b[39m\u001b[38;5;241m.\u001b[39mname)\u001b[38;5;241m.\u001b[39m_getitem_axis(key, axis\u001b[38;5;241m=\u001b[39mi)\n\u001b[0;32m   1021\u001b[0m     \u001b[38;5;66;03m# We should never have retval.ndim < self.ndim, as that should\u001b[39;00m\n\u001b[0;32m   1022\u001b[0m     \u001b[38;5;66;03m#  be handled by the _getitem_lowerdim call above.\u001b[39;00m\n\u001b[1;32m-> 1023\u001b[0m     \u001b[38;5;28;01massert\u001b[39;00m retval\u001b[38;5;241m.\u001b[39mndim \u001b[38;5;241m==\u001b[39m \u001b[38;5;28mself\u001b[39m\u001b[38;5;241m.\u001b[39mndim\n\u001b[0;32m   1025\u001b[0m \u001b[38;5;28;01mif\u001b[39;00m retval \u001b[38;5;129;01mis\u001b[39;00m \u001b[38;5;28mself\u001b[39m\u001b[38;5;241m.\u001b[39mobj:\n\u001b[0;32m   1026\u001b[0m     \u001b[38;5;66;03m# if all axes were a null slice (`df.loc[:, :]`), ensure we still\u001b[39;00m\n\u001b[0;32m   1027\u001b[0m     \u001b[38;5;66;03m# return a new object (https://github.com/pandas-dev/pandas/pull/49469)\u001b[39;00m\n\u001b[0;32m   1028\u001b[0m     retval \u001b[38;5;241m=\u001b[39m retval\u001b[38;5;241m.\u001b[39mcopy(deep\u001b[38;5;241m=\u001b[39m\u001b[38;5;28;01mFalse\u001b[39;00m)\n",
      "\u001b[1;31mAssertionError\u001b[0m: "
     ]
    }
   ],
   "source": [
    "plt.figure()\n",
    "plt.figure(figsize=(10,10))\n",
    "plt.xticks(fontsize=12)\n",
    "plt.yticks(fontsize=14)\n",
    "plt.xlabel('Principal Component - 1',fontsize=20)\n",
    "plt.ylabel('Principal Component - 2',fontsize=20)\n",
    "plt.title(\"Principal Component Analysis of WT vs 3PA, VEH/GLP1\",fontsize=20)\n",
    "targets = ['GLP1R_3PA_VEH','GLP1R_3PA_GLP1','GLP1R_WT_VEH','GLP1R_WT_GLP1','NEG']\n",
    "colors = ['r', 'g','b','c','y']\n",
    "for target, color in zip(targets,colors):\n",
    "    indicesToKeep = df['index'] == target\n",
    "    plt.scatter(principal_Df.loc[indicesToKeep, 'principal component 1']\n",
    "               , principal_Df.loc[indicesToKeep, 'principal component 2']\n",
    "               , c = color\n",
    "               , s = 50)\n",
    "plt.legend(targets,prop={'size': 15})\n",
    "\n",
    "plt.show()"
   ]
  }
 ],
 "metadata": {
  "kernelspec": {
   "display_name": "irc2025",
   "language": "python",
   "name": "python3"
  },
  "language_info": {
   "codemirror_mode": {
    "name": "ipython",
    "version": 3
   },
   "file_extension": ".py",
   "mimetype": "text/x-python",
   "name": "python",
   "nbconvert_exporter": "python",
   "pygments_lexer": "ipython3",
   "version": "3.12.3"
  }
 },
 "nbformat": 4,
 "nbformat_minor": 5
}
